{"accessors":[{"bufferView":2,"componentType":5126,"count":5156,"max":[167.12979125976562,132.07406616210938,178.0164794921875],"min":[-128.24423217773438,-123.02912902832031,-57.148334503173828],"type":"VEC3"},{"bufferView":2,"byteOffset":61872,"componentType":5126,"count":5156,"max":[1,1,1],"min":[-1,-1,-1],"type":"VEC3"},{"bufferView":1,"componentType":5126,"count":5156,"max":[0.99570488929748535,0.99734646081924438],"min":[0.0019999747164547443,0.0020000000949949026],"type":"VEC2"},{"bufferView":3,"componentType":5126,"count":5156,"max":[1,1,1,1],"min":[-1,-1,-1,-1],"type":"VEC4"},{"bufferView":0,"componentType":5125,"count":15726,"max":[5155],"min":[0],"type":"SCALAR"},{"bufferView":2,"byteOffset":123744,"componentType":5126,"count":4,"max":[166.65066528320312,55.075035095214844,120.95585632324219],"min":[166.65066528320312,-65.865463256835938,0.0153656005859375],"type":"VEC3"},{"bufferView":2,"byteOffset":123792,"componentType":5126,"count":4,"max":[1,0,0],"min":[1,0,0],"type":"VEC3"},{"bufferView":1,"byteOffset":41248,"componentType":5126,"count":4,"max":[0.50555408000946045,0.10224702954292297],"min":[0.4159303605556488,0.012623261660337448],"type":"VEC2"},{"bufferView":3,"byteOffset":82496,"componentType":5126,"count":4,"max":[0,0.70710664987564087,-0.70710688829421997,1],"min":[0,0.70710664987564087,-0.70710688829421997,1],"type":"VEC4"},{"bufferView":0,"byteOffset":62904,"componentType":5125,"count":6,"max":[3],"min":[0],"type":"SCALAR"},{"bufferView":2,"byteOffset":123840,"componentType":5126,"count":444,"max":[41.689994812011719,42.099674224853516,9.7990331649780273],"min":[-41.689987182617188,-42.099674224853516,-7.5781245231628418],"type":"VEC3"},{"bufferView":2,"byteOffset":129168,"componentType":5126,"count":444,"max":[1,1,0.99014973640441895],"min":[-1,-1,-4.4493180695326373e-08],"type":"VEC3"},{"bufferView":1,"byteOffset":41280,"componentType":5126,"count":444,"max":[0.99261879920959473,0.56601518392562866],"min":[0.61640077829360962,0.0020886012353003025],"type":"VEC2"},{"bufferView":3,"byteOffset":82560,"componentType":5126,"count":444,"max":[1,1,0.9961121678352356,1],"min":[-1,-1,-0.99611008167266846,1],"type":"VEC4"},{"bufferView":0,"byteOffset":62928,"componentType":5125,"count":1890,"max":[443],"min":[0],"type":"SCALAR"},{"bufferView":2,"byteOffset":134496,"componentType":5126,"count":2464,"max":[40.283493041992188,64.093429565429688,89.642044067382812],"min":[-112.89183044433594,-46.037246704101562,-171.91889953613281],"type":"VEC3"},{"bufferView":2,"byteOffset":164064,"componentType":5126,"count":2464,"max":[1,1,1],"min":[-1,-1,-1],"type":"VEC3"},{"bufferView":1,"byteOffset":44832,"componentType":5126,"count":2464,"max":[0.99623012542724609,0.99799996614456177],"min":[0.010778084397315979,0.0020000000949949026],"type":"VEC2"},{"bufferView":3,"byteOffset":89664,"componentType":5126,"count":2464,"max":[1,1,1,1],"min":[-1,-1,-1,-1],"type":"VEC4"},{"bufferView":0,"byteOffset":70488,"componentType":5125,"count":7506,"max":[2463],"min":[0],"type":"SCALAR"},{"bufferView":2,"byteOffset":193632,"componentType":5126,"count":1216,"max":[61.584930419921875,79.191864013671875,53.604396820068359],"min":[-61.584930419921875,-61.135910034179688,0],"type":"VEC3"},{"bufferView":2,"byteOffset":208224,"componentType":5126,"count":1216,"max":[1,1,1],"min":[-1,-1,-1],"type":"VEC3"},{"bufferView":1,"byteOffset":64544,"componentType":5126,"count":1216,"max":[0.74335622787475586,0.9965023398399353],"min":[0.0020000000949949026,0.0020000000949949026],"type":"VEC2"},{"bufferView":3,"byteOffset":129088,"componentType":5126,"count":1216,"max":[0.99453353881835938,1,1,1],"min":[-0.9945334792137146,-1,-1,-1],"type":"VEC4"},{"bufferView":0,"byteOffset":100512,"componentType":5125,"count":3690,"max":[1215],"min":[0],"type":"SCALAR"},{"bufferView":2,"byteOffset":222816,"componentType":5126,"count":1122,"max":[68.663040161132812,20.021841049194336,13.098537445068359],"min":[-91.324302673339844,-20.021842956542969,-75.915153503417969],"type":"VEC3"},{"bufferView":2,"byteOffset":236280,"componentType":5126,"count":1122,"max":[1,1,1],"min":[-1,-1,-1],"type":"VEC3"},{"bufferView":1,"byteOffset":74272,"componentType":5126,"count":1122,"max":[0.99700158834457397,0.89362847805023193],"min":[0.29338666796684265,0.0029156170785427094],"type":"VEC2"},{"bufferView":3,"byteOffset":148544,"componentType":5126,"count":1122,"max":[1,1,1,1],"min":[-1,-1,-1,-1],"type":"VEC4"},{"bufferView":0,"byteOffset":115272,"componentType":5125,"count":3180,"max":[1121],"min":[0],"type":"SCALAR"},{"bufferView":2,"byteOffset":249744,"componentType":5126,"count":2464,"max":[40.283493041992188,64.093437194824219,89.642044067382812],"min":[-112.89183044433594,-46.0372314453125,-171.91889953613281],"type":"VEC3"},{"bufferView":2,"byteOffset":279312,"componentType":5126,"count":2464,"max":[1,1,1],"min":[-1,-1,-1],"type":"VEC3"},{"bufferView":1,"byteOffset":83248,"componentType":5126,"count":2464,"max":[0.99623012542724609,0.99799996614456177],"min":[0.010778084397315979,0.0020000000949949026],"type":"VEC2"},{"bufferView":3,"byteOffset":166496,"componentType":5126,"count":2464,"max":[1,1,1,1],"min":[-1,-1,-1,-1],"type":"VEC4"},{"bufferView":0,"byteOffset":127992,"componentType":5125,"count":7506,"max":[2463],"min":[0],"type":"SCALAR"},{"bufferView":2,"byteOffset":308880,"componentType":5126,"count":1216,"max":[61.584930419921875,79.191864013671875,53.604404449462891],"min":[-61.584930419921875,-61.135910034179688,0],"type":"VEC3"},{"bufferView":2,"byteOffset":323472,"componentType":5126,"count":1216,"max":[1,1,1],"min":[-1,-1,-1],"type":"VEC3"},{"bufferView":1,"byteOffset":102960,"componentType":5126,"count":1216,"max":[0.74335622787475586,0.9965023398399353],"min":[0.0020000000949949026,0.0020000000949949026],"type":"VEC2"},{"bufferView":3,"byteOffset":205920,"componentType":5126,"count":1216,"max":[0.99453353881835938,1,1,1],"min":[-0.9945334792137146,-1,-1,-1],"type":"VEC4"},{"bufferView":0,"byteOffset":158016,"componentType":5125,"count":3690,"max":[1215],"min":[0],"type":"SCALAR"},{"bufferView":2,"byteOffset":338064,"componentType":5126,"count":1122,"max":[68.663040161132812,20.021841049194336,13.098537445068359],"min":[-91.324302673339844,-20.021842956542969,-75.915153503417969],"type":"VEC3"},{"bufferView":2,"byteOffset":351528,"componentType":5126,"count":1122,"max":[1,1,1],"min":[-1,-1,-1],"type":"VEC3"},{"bufferView":1,"byteOffset":112688,"componentType":5126,"count":1122,"max":[0.99700158834457397,0.89362847805023193],"min":[0.29338666796684265,0.0029156170785427094],"type":"VEC2"},{"bufferView":3,"byteOffset":225376,"componentType":5126,"count":1122,"max":[1,1,1,1],"min":[-1,-1,-1,-1],"type":"VEC4"},{"bufferView":0,"byteOffset":172776,"componentType":5125,"count":3180,"max":[1121],"min":[0],"type":"SCALAR"},{"bufferView":2,"byteOffset":364992,"componentType":5126,"count":2464,"max":[40.283493041992188,64.093490600585938,89.642051696777344],"min":[-112.891845703125,-46.037193298339844,-171.91889953613281],"type":"VEC3"},{"bufferView":2,"byteOffset":394560,"componentType":5126,"count":2464,"max":[1,1,1],"min":[-1,-1,-1],"type":"VEC3"},{"bufferView":1,"byteOffset":121664,"componentType":5126,"count":2464,"max":[0.99623012542724609,0.99799996614456177],"min":[0.010778084397315979,0.0020000000949949026],"type":"VEC2"},{"bufferView":3,"byteOffset":243328,"componentType":5126,"count":2464,"max":[1,1,1,1],"min":[-1,-1,-1,-1],"type":"VEC4"},{"bufferView":0,"byteOffset":185496,"componentType":5125,"count":7506,"max":[2463],"min":[0],"type":"SCALAR"},{"bufferView":2,"byteOffset":424128,"componentType":5126,"count":1216,"max":[61.584930419921875,79.191864013671875,53.604404449462891],"min":[-61.584930419921875,-61.135910034179688,0],"type":"VEC3"},{"bufferView":2,"byteOffset":438720,"componentType":5126,"count":1216,"max":[1,1,1],"min":[-1,-1,-1],"type":"VEC3"},{"bufferView":1,"byteOffset":141376,"componentType":5126,"count":1216,"max":[0.74335622787475586,0.9965023398399353],"min":[0.0020000000949949026,0.0020000000949949026],"type":"VEC2"},{"bufferView":3,"byteOffset":282752,"componentType":5126,"count":1216,"max":[0.99453353881835938,1,1,1],"min":[-0.9945334792137146,-1,-1,-1],"type":"VEC4"},{"bufferView":0,"byteOffset":215520,"componentType":5125,"count":3690,"max":[1215],"min":[0],"type":"SCALAR"},{"bufferView":2,"byteOffset":453312,"componentType":5126,"count":1122,"max":[68.663040161132812,20.021841049194336,13.098537445068359],"min":[-91.324302673339844,-20.021842956542969,-75.915153503417969],"type":"VEC3"},{"bufferView":2,"byteOffset":466776,"componentType":5126,"count":1122,"max":[1,1,1],"min":[-1,-1,-1],"type":"VEC3"},{"bufferView":1,"byteOffset":151104,"componentType":5126,"count":1122,"max":[0.99700158834457397,0.89362847805023193],"min":[0.29338666796684265,0.0029156170785427094],"type":"VEC2"},{"bufferView":3,"byteOffset":302208,"componentType":5126,"count":1122,"max":[1,1,1,1],"min":[-1,-1,-1,-1],"type":"VEC4"},{"bufferView":0,"byteOffset":230280,"componentType":5125,"count":3180,"max":[1121],"min":[0],"type":"SCALAR"},{"bufferView":2,"byteOffset":480240,"componentType":5126,"count":2464,"max":[40.283493041992188,64.093421936035156,89.642044067382812],"min":[-112.891845703125,-46.037246704101562,-171.91889953613281],"type":"VEC3"},{"bufferView":2,"byteOffset":509808,"componentType":5126,"count":2464,"max":[1,1,1],"min":[-1,-1,-1],"type":"VEC3"},{"bufferView":1,"byteOffset":160080,"componentType":5126,"count":2464,"max":[0.99623012542724609,0.99799996614456177],"min":[0.010778084397315979,0.0020000000949949026],"type":"VEC2"},{"bufferView":3,"byteOffset":320160,"componentType":5126,"count":2464,"max":[1,1,1,1],"min":[-1,-1,-1,-1],"type":"VEC4"},{"bufferView":0,"byteOffset":243000,"componentType":5125,"count":7506,"max":[2463],"min":[0],"type":"SCALAR"},{"bufferView":2,"byteOffset":539376,"componentType":5126,"count":1216,"max":[61.584930419921875,79.191864013671875,53.604404449462891],"min":[-61.584930419921875,-61.135910034179688,0],"type":"VEC3"},{"bufferView":2,"byteOffset":553968,"componentType":5126,"count":1216,"max":[1,1,1],"min":[-1,-1,-1],"type":"VEC3"},{"bufferView":1,"byteOffset":179792,"componentType":5126,"count":1216,"max":[0.74335622787475586,0.9965023398399353],"min":[0.0020000000949949026,0.0020000000949949026],"type":"VEC2"},{"bufferView":3,"byteOffset":359584,"componentType":5126,"count":1216,"max":[0.99453353881835938,1,1,1],"min":[-0.9945334792137146,-1,-1,-1],"type":"VEC4"},{"bufferView":0,"byteOffset":273024,"componentType":5125,"count":3690,"max":[1215],"min":[0],"type":"SCALAR"},{"bufferView":2,"byteOffset":568560,"componentType":5126,"count":1122,"max":[68.663040161132812,20.021841049194336,13.098537445068359],"min":[-91.324302673339844,-20.021842956542969,-75.915153503417969],"type":"VEC3"},{"bufferView":2,"byteOffset":582024,"componentType":5126,"count":1122,"max":[1,1,1],"min":[-1,-1,-1],"type":"VEC3"},{"bufferView":1,"byteOffset":189520,"componentType":5126,"count":1122,"max":[0.99700158834457397,0.89362847805023193],"min":[0.29338666796684265,0.0029156170785427094],"type":"VEC2"},{"bufferView":3,"byteOffset":379040,"componentType":5126,"count":1122,"max":[1,1,1,1],"min":[-1,-1,-1,-1],"type":"VEC4"},{"bufferView":0,"byteOffset":287784,"componentType":5125,"count":3180,"max":[1121],"min":[0],"type":"SCALAR"}],"asset":{"generator":"Sketchfab (OSG glTF plugin)","version":"2.0"},"bufferViews":[{"buffer":0,"byteLength":300504,"byteOffset":0,"name":"ScalarBufferView","target":34962},{"buffer":0,"byteLength":198496,"byteOffset":300504,"byteStride":8,"name":"Vec2BufferView","target":34962},{"buffer":0,"byteLength":595488,"byteOffset":499000,"byteStride":12,"name":"Vec3BufferView","target":34962},{"buffer":0,"byteLength":396992,"byteOffset":1094488,"byteStride":16,"name":"Vec4BufferView","target":34962}],"buffers":[{"byteLength":1491480,"uri":"scene.bin"}],"images":[{"uri":"textures\/Ventilo_baseColor.png"},{"uri":"textures\/Head_baseColor.png"},{"uri":"textures\/Head_metallicRoughness.png"},{"uri":"textures\/Head_normal.png"},{"uri":"textures\/Leg_baseColor.png"},{"uri":"textures\/Leg_metallicRoughness.png"},{"uri":"textures\/Leg_normal.png"}],"materials":[{"doubleSided":false,"emissiveFactor":[0,0,0],"name":"Head","normalTexture":{"index":3,"scale":1,"texCoord":0},"occlusionTexture":{"index":2,"strength":1,"texCoord":0},"pbrMetallicRoughness":{"baseColorFactor":[1,1,1,1],"baseColorTexture":{"index":1,"texCoord":0},"metallicFactor":1,"metallicRoughnessTexture":{"index":2,"texCoord":0},"roughnessFactor":1}},{"doubleSided":true,"emissiveFactor":[0,0,0],"name":"Ventilo","normalFactor":1,"pbrMetallicRoughness":{"baseColorFactor":[1,1,1,1],"baseColorTexture":{"index":0,"texCoord":0},"metallicFactor":0,"roughnessFactor":0}},{"doubleSided":false,"name":"Leg","normalTexture":{"index":6,"scale":1,"texCoord":0},"occlusionTexture":{"index":5,"strength":1,"texCoord":0},"pbrMetallicRoughness":{"baseColorFactor":[1,1,1,1],"baseColorTexture":{"index":4,"texCoord":0},"metallicFactor":1,"metallicRoughnessTexture":{"index":5,"texCoord":0},"roughnessFactor":1}}],"meshes":[{"name":"Cylinder051","primitives":[{"attributes":{"NORMAL":1,"POSITION":0,"TANGENT":3,"TEXCOORD_0":2},"indices":4,"material":0,"mode":4}]},{"name":"Object040","primitives":[{"attributes":{"NORMAL":6,"POSITION":5,"TANGENT":8,"TEXCOORD_0":7},"indices":9,"material":0,"mode":4}]},{"name":"Sphere004","primitives":[{"attributes":{"NORMAL":11,"POSITION":10,"TANGENT":13,"TEXCOORD_0":12},"indices":14,"material":1,"mode":4}]},{"name":"lol004","primitives":[{"attributes":{"NORMAL":16,"POSITION":15,"TANGENT":18,"TEXCOORD_0":17},"indices":19,"material":2,"mode":4}]},{"name":"Object043","primitives":[{"attributes":{"NORMAL":21,"POSITION":20,"TANGENT":23,"TEXCOORD_0":22},"indices":24,"material":2,"mode":4}]},{"name":"Cylinder054","primitives":[{"attributes":{"NORMAL":26,"POSITION":25,"TANGENT":28,"TEXCOORD_0":27},"indices":29,"material":2,"mode":4}]},{"name":"lol005","primitives":[{"attributes":{"NORMAL":31,"POSITION":30,"TANGENT":33,"TEXCOORD_0":32},"indices":34,"material":2,"mode":4}]},{"name":"Object045","primitives":[{"attributes":{"NORMAL":36,"POSITION":35,"TANGENT":38,"TEXCOORD_0":37},"indices":39,"material":2,"mode":4}]},{"name":"Cylinder056","primitives":[{"attributes":{"NORMAL":41,"POSITION":40,"TANGENT":43,"TEXCOORD_0":42},"indices":44,"material":2,"mode":4}]},{"name":"lol006","primitives":[{"attributes":{"NORMAL":46,"POSITION":45,"TANGENT":48,"TEXCOORD_0":47},"indices":49,"material":2,"mode":4}]},{"name":"Object047","primitives":[{"attributes":{"NORMAL":51,"POSITION":50,"TANGENT":53,"TEXCOORD_0":52},"indices":54,"material":2,"mode":4}]},{"name":"Cylinder058","primitives":[{"attributes":{"NORMAL":56,"POSITION":55,"TANGENT":58,"TEXCOORD_0":57},"indices":59,"material":2,"mode":4}]},{"name":"lol003","primitives":[{"attributes":{"NORMAL":61,"POSITION":60,"TANGENT":63,"TEXCOORD_0":62},"indices":64,"material":2,"mode":4}]},{"name":"Object042","primitives":[{"attributes":{"NORMAL":66,"POSITION":65,"TANGENT":68,"TEXCOORD_0":67},"indices":69,"material":2,"mode":4}]},{"name":"Cylinder053","primitives":[{"attributes":{"NORMAL":71,"POSITION":70,"TANGENT":73,"TEXCOORD_0":72},"indices":74,"material":2,"mode":4}]}],"nodes":[{"children":[1],"name":"RootNode (gltf orientation matrix)","rotation":[-0.70710678118654746,-0,-0,0.70710678118654757]},{"children":[2],"name":"RootNode (model correction matrix)"},{"children":[3],"matrix":[1,0,0,0,0,0,1,0,0,-1,0,0,0,0,0,1],"name":"4e0dff1fe6d74ce8b21a743df0f593b1.fbx"},{"children":[4],"name":""},{"children":[5,63,64,65,66],"name":"RootNode"},{"children":[6],"matrix":[0.10000000149011612,0,0,0,0,2.2204460823375376e-17,-0.10000000149011612,0,0,0.10000000149011612,2.2204460823375376e-17,0,0,0,0,1],"name":"Circle001"},{"children":[7,9,11,15,27,39,51],"matrix":[0.99619469940761729,-7.7037197775489468e-34,-0.08715572770717335,0,7.7331467253639547e-34,1,-5.3455294201843913e-51,0,0.08715572770717335,-6.739880303154401e-35,0.99619469940761729,0,1.7509878873825073,1.5777218104420236e-30,133.17216491699219,1],"name":"Circle002"},{"children":[8],"matrix":[1,0,7.4505805830460403e-09,0,7.4505805830460329e-09,-4.3711381625399781e-08,-0.999999999999999,0,3.2567520938567114e-16,1.0000001192092884,-4.371138683620253e-08,0,-9.7105093002319336,-60.485599517822266,114.31883239746094,1],"name":"Cylinder051"},{"mesh":0,"name":"Cylinder051"},{"children":[10],"matrix":[1,-1.2407709188295415e-24,7.4505805830460387e-09,0,7.4505805830459411e-09,-1.6292066007395078e-07,-0.99999999999998679,0,1.213853651419663e-15,1.0000001192092762,-1.6292067949560693e-07,0,-9.7105093002319336,-60.485599517822266,114.31883239746094,1],"name":"Object040"},{"mesh":1,"name":"Object040"},{"children":[12],"matrix":[4.4341822658111596e-08,0,-0.999999999999999,0,-3.0814879110195743e-33,1,-1.3663879047354487e-40,0,0.999999999999999,3.0814879110195774e-33,4.4341822658111596e-08,0,170.54515075683594,1.5258790881489404e-05,119.71400451660156,1],"name":"Circle003"},{"children":[13],"matrix":[0.99999999999999223,8.7422790784329938e-08,8.9406967163085977e-08,0,-8.7422809022144376e-08,1.0000001192092818,8.7422780362723606e-08,0,-8.9406959520342767e-08,-8.7422777757323926e-08,0.99999999999999223,0,0,1.8189894035458565e-12,-23.34332275390625,1],"name":"Bone002"},{"children":[14],"matrix":[0.97179365158080711,7.1054278208221465e-15,-8.1956391578597643e-08,0,-7.1054286039166568e-15,0.97179383039474487,6.217248527619292e-15,0,8.1956391578597643e-08,-6.2172467843833028e-15,0.97179365158080711,0,0,0,0,1],"name":"Sphere004"},{"mesh":2,"name":"Sphere004"},{"children":[16,24],"matrix":[0.69255478961967687,-0.69255461080576897,-0.20183154963115951,0,-0.14271652242382674,0.1427164264055821,-0.97942036648206521,0,0.7071066839298048,0.70710687844327591,-4.097819128467961e-08,0,27.749961853027344,-27.750020980834961,-21.882499694824219,1],"name":"Bone011"},{"children":[17,21],"matrix":[0.71862028009595957,-0.69515345527027117,0.018622703326873498,0,0.69480104349762672,0.71885475429018608,0.022351523607987193,0,-0.028924754242806612,-0.0031231840791722271,0.99957683183024715,0,115.77550506591797,9.918212890625e-05,0.00076198577880859375,1],"name":"Bone012"},{"children":[18],"matrix":[0.25662937979142364,0.96650988687538275,6.3329935517941749e-08,0,-4.6805037629152124e-05,1.2493279026069135e-05,-0.99999976040802385,0,-0.96650971291663867,0.25662933359842227,4.8443676959662226e-05,0,95.811248779296875,8.392333984375e-05,4.1961669921875e-05,1],"name":"Bone013"},{"children":[19],"matrix":[-0.0090431874161742351,4.9199911763830642e-05,0.99995958519095585,0,-7.8360758482125586e-06,0.76339298389936683,-3.7631251411318853e-05,0,-0.99995904992876761,-1.07101602844351e-05,-0.0090431820485419659,0,-16.670028686523438,0.0053253173828125,94.350143432617188,1],"name":"lol004"},{"children":[20],"matrix":[1,0,-0,0,0,1,0,0,0,0,1,0,-52.903244018554688,-9.0279741287231445,-17.073375701904297,1],"name":""},{"mesh":3,"name":"lol004"},{"children":[22],"matrix":[-0.98628124764431879,0.1650743437457792,-8.1211326188877733e-07,0,5.7624751314006163e-07,-3.1270308897206144e-07,-0.76339274644823529,0,-0.16507431422846164,-0.98628107128375886,2.7939677893495802e-07,0,-0.000213623046875,-0.0001068115234375,-0.0007343292236328125,1],"name":"Object043"},{"children":[23],"matrix":[1,0,-0,0,0,1,0,0,0,0,1,0,-52.903244018554688,-9.0279741287231445,-17.073375701904297,1],"name":""},{"mesh":4,"name":"Object043"},{"children":[25],"matrix":[-0.84812979275178624,0.17477668227158955,1.6670674951918546e-07,0,-2.1966721754995284e-07,-2.400001218031389e-07,-0.86595106124871823,0,-0.17477667024140139,-0.84812973437377914,2.7939678720649723e-07,0,5.7220458984375e-06,-7.62939453125e-06,5.245208740234375e-06,1],"name":"Cylinder054"},{"children":[26],"matrix":[1,0,-0,0,0,1,0,0,0,0,1,0,-48.332328796386719,1.7620848666410893e-05,10.063425064086914,1],"name":""},{"mesh":5,"name":"Cylinder054"},{"children":[28,36],"matrix":[0.69255422751362195,0.69255541960650358,-0.20183129377096973,0,0.14271643336355525,0.1427161195990119,0.97942042416583275,0,0.7071074175962162,-0.70710631336373586,-3.8743015906560664e-07,0,27.749969482421875,27.749984741210938,-21.882492065429688,1],"name":"Bone019"},{"children":[29,33],"matrix":[0.66229298495953803,0.74883327034558755,0.024829355173916427,0,-0.74833733582075768,0.66275799508492705,-0.02725278224074679,0,-0.036863659086385496,-0.00053140722403981905,0.99932028232379955,0,115.77529907226562,1.52587890625e-05,0.00039958953857421875,1],"name":"Bone020"},{"children":[30],"matrix":[0.19470460376054397,-0.98086157402773089,-0.0011853801740409602,0,0.98072637394381768,0.19469759091897187,-0.016404401195251272,0,0.016321226740533264,0.0020314775028776118,0.99986467656756095,0,92.92120361328125,8.392333984375e-05,-1.9073486328125e-06,1],"name":"Bone021"},{"children":[31],"matrix":[-2.3841859331241722e-07,-0.99999999999965383,7.9721217116635046e-07,0,-3.7823339583838633e-07,6.0858631661449403e-07,0.76339304447140444,0,-0.99999982118591446,2.3841815566256899e-07,-4.9546360947337419e-07,0,-7.4461212158203125,-92.609771728515625,-1.5287823677062988,1],"name":"lol005"},{"children":[32],"matrix":[1,0,-0,0,0,1,0,0,0,0,1,0,-52.903244018554688,-9.0279741287231445,-17.073375701904297,1],"name":""},{"mesh":6,"name":"lol005"},{"children":[34],"matrix":[-0.99664851589417003,-0.080144233391843928,0.016404708384997916,0,0.012556679386561936,8.6695542887390691e-05,0.76328964399330623,0,-0.080135263056615086,0.99678362881883709,0.0012050682400273206,0,-3.0517578125e-05,-1.52587890625e-05,-0.0003814697265625,1],"name":"Object045"},{"children":[35],"matrix":[1,0,-0,0,0,1,0,0,0,0,1,0,-52.903244018554688,-9.0279741287231445,-17.073375701904297,1],"name":""},{"mesh":7,"name":"Object045"},{"children":[37],"matrix":[-0.8481295270319068,-0.1747761998083614,-9.8254533470768645e-08,0,-1.4435290138946414e-07,2.1368109488030651e-07,0.86595076322551701,0,-0.17477623589863353,0.84812970216587169,-2.3841856697826501e-07,0,1.1444091796875e-05,7.62939453125e-06,3.5527136788005009e-15,1],"name":"Cylinder056"},{"children":[38],"matrix":[1,0,-0,0,0,1,0,0,0,0,1,0,-48.332328796386719,1.7620848666410893e-05,10.063425064086914,1],"name":""},{"mesh":8,"name":"Cylinder056"},{"children":[40,48],"matrix":[-0.69255485004365214,0.69255496925293447,-0.20183070297324748,0,0.14271586170248785,-0.14271582171947061,-0.97942042915667882,0,-0.70710679338278959,-0.70710668469660287,-4.4703480028829343e-08,0,-27.749996185302734,27.749998092651367,-21.882514953613281,1],"name":"Bone031"},{"children":[41,45],"matrix":[0.80391898479393631,-0.59439982986240569,-0.020077553322802252,0,0.59382760769981924,0.8040978484676532,-0.028207460747008504,0,0.032910823374956336,0.010753906467239119,0.99940043586166016,0,115.77529907226562,1.4210854715202004e-14,0.0010290145874023438,1],"name":"Bone032"},{"children":[42],"matrix":[0.19722269065182674,0.98035865429330071,-5.9157613180316153e-06,0,0.98035871274455855,-0.19722270240975681,1.5646219132286044e-07,0,-1.0133336726171358e-06,-5.8304277826099733e-06,-1.0000002384010687,0,92.737899780273438,1.52587890625e-05,7.62939453125e-06,1],"name":"Bone033"},{"children":[43],"matrix":[-0.00037920474538255533,-0.99999992805643867,9.5330177561914198e-06,0,1.8905902035571186e-05,7.2702701923191289e-06,0.76339298459836802,0,-0.99999968937664807,0.00037920489093051828,2.4762002824639934e-05,0,-4.8737869262695312,-92.609725952148438,0.0011129379272460938,1],"name":"lol006"},{"children":[44],"matrix":[1,0,-0,0,0,1,0,0,0,0,1,0,-52.903244018554688,-9.0279741287231445,-17.073375701904297,1],"name":""},{"mesh":9,"name":"lol006"},{"children":[46],"matrix":[-0.99863801978440725,0.052176084244762402,-9.6205614859565803e-06,0,8.0825539173315786e-06,1.3938864045546455e-05,-0.76339310390634241,0,-0.052176068507794722,-0.99863772204653667,-1.8786639873979231e-05,0,-3.0517578125e-05,6.103515625e-05,-0.0011196136474609375,1],"name":"Object047"},{"children":[47],"matrix":[1,0,-0,0,0,1,0,0,0,0,1,0,-52.903244018554688,-9.0279741287231445,-17.073375701904297,1],"name":""},{"mesh":10,"name":"Object047"},{"children":[49],"matrix":[-0.848129898293838,0.17477587479240675,5.6577848398645407e-07,0,-6.1052602266949841e-07,-1.5945523731903912e-07,-0.86595100164390471,0,-0.17477583870203162,-0.84812972316000912,2.7939678277412088e-07,0,-1.9073486328125e-06,-7.62939453125e-06,4.76837158203125e-07,1],"name":"Cylinder058"},{"children":[50],"matrix":[1,0,-0,0,0,1,0,0,0,0,1,0,-48.332328796386719,1.7620848666410893e-05,10.063425064086914,1],"name":""},{"mesh":11,"name":"Cylinder058"},{"children":[52,60],"matrix":[-0.69299313430683307,-0.69299373035320444,-0.19879809438713666,0,-0.1405717548924213,-0.14057113933435739,0.98004047697669394,0,-0.70710709636898728,0.70710663459124234,-5.1036473580622321e-07,0,-27.749935150146484,-27.750017166137695,-17.292083740234375,1],"name":"Bone003"},{"children":[53,57],"matrix":[0.79510904751639633,0.6061732279178923,-0.018870536568602322,0,-0.60558779176552469,0.79524681966906918,0.029092939143397133,0,0.032642087239321646,-0.011704289771228381,0.99939880957444949,0,115.70204162597656,1.4210854715202004e-14,0.00068807601928710938,1],"name":"Bone004"},{"children":[54],"matrix":[0.11304918476209298,-0.99358885306816302,-7.4505808189661699e-09,0,-4.8335704080902431e-05,-5.492071841128606e-06,-0.99999982000281373,0,0.99358891111499847,0.11304919136694738,-4.8646702622601575e-05,0,98.82562255859375,-7.62939453125e-06,-2.09808349609375e-05,1],"name":"Bone005"},{"children":[55],"matrix":[-3.8295984211991561e-05,3.8318335953760418e-05,-1.0000007137882998,0,-0.0020542846178231424,-0.76339027987751407,-2.9173153533435023e-05,0,-0.99999673616760465,0.0026909915503426579,3.8398946129849414e-05,0,-3.0161056518554688,0.005489349365234375,-98.77960205078125,1],"name":"lol003"},{"children":[56],"matrix":[1,0,-0,0,0,1,0,0,0,0,1,0,-52.903244018554688,-9.0279741287231445,-17.073375701904297,1],"name":""},{"mesh":12,"name":"lol003"},{"children":[58],"matrix":[-0.9995344588872892,-0.030521807354122285,-5.3476537503196827e-06,0,-4.0946924540584062e-06,3.4157497001003589e-07,0.76339286564674846,0,-0.030521785520397381,0.99953374397899353,-6.1094759273842543e-07,0,0,3.0517578125e-05,-0.00069427490234375,1],"name":"Object042"},{"children":[59],"matrix":[1,0,-0,0,0,1,0,0,0,0,1,0,-52.903244018554688,-9.0279741287231445,-17.073375701904297,1],"name":""},{"mesh":13,"name":"Object042"},{"children":[61],"matrix":[-0.84866673366769485,-0.17214994256759172,-2.8591603252908729e-07,0,-2.8761517362603987e-07,-2.0330409885290605e-08,0.86595112085337611,0,-0.17214996626624682,0.84866685049765456,-3.7252908230063022e-08,0,-0.072698593139648438,0.3584442138671875,9.5367431640625e-07,1],"name":"Cylinder053"},{"children":[62],"matrix":[1,0,-0,0,0,1,0,0,0,0,1,0,-48.332328796386719,1.7620848666410893e-05,10.063425064086914,1],"name":""},{"mesh":14,"name":"Cylinder053"},{"matrix":[0.10000000149011612,0,0,0,0,2.2204460823375376e-17,-0.10000000149011612,0,0,0.10000000149011612,2.2204460823375376e-17,0,-20.938241958618164,23.580856323242188,21.396780014038086,1],"name":"Object041"},{"matrix":[4.9685711579729601e-08,5.5511156194341502e-18,-0.10000000894068437,0,-0.076339289546001832,1.5775333032325859e-08,-3.7929715830428092e-08,0,2.0664761469301185e-08,0.099999994039533385,1.0269562365669045e-14,0,-1.7574715614318848,25.261238098144531,28.770082473754883,1],"name":"Object044"},{"matrix":[7.9075356023887592e-08,-1.1102229584507075e-17,0.099999994039504284,0,0.076339289545988731,6.6704805918071752e-09,-6.0365568596922045e-08,0,-8.7379398479823213e-09,0.10000000894069634,6.9055878305760829e-15,0,-1.757479190826416,18.899227142333984,-9.1232700347900391,1],"name":"Object046"},{"matrix":[3.3168425096568204e-08,-1.6653346858302451e-17,0.10000000894069121,0,0.076339296996579445,3.8743010600256603e-08,-2.5320540275491452e-08,0,-5.0751067682067319e-08,0.099999994039522644,1.685318450928174e-14,0,-7.307464599609375,23.580848693847656,-17.060827255249023,1],"name":"Object048"}],"samplers":[{"magFilter":9729,"minFilter":9987,"wrapS":10497,"wrapT":10497}],"scene":0,"scenes":[{"name":"OSG_Scene","nodes":[0]}],"textures":[{"sampler":0,"source":0},{"sampler":0,"source":1},{"sampler":0,"source":2},{"sampler":0,"source":3},{"sampler":0,"source":4},{"sampler":0,"source":5},{"sampler":0,"source":6}]}
